1267.06 206.22 129.43 193.54 1720.00
1241.72 204.16 130.72 195.48 1685.60
1266.55 202.12 134.64 197.43 1668.74
1241.22 196.06 140.03 199.40 1601.99
1228.81 198.02 138.63 193.42 1618.01
1179.66 207.92 131.70 197.29 1601.83
1238.64 199.60 133.02 199.26 1585.81
1300.57 191.62 134.35 201.25 1569.95
1313.58 183.96 131.66 203.26 1585.65
1326.72 176.60 129.03 205.29 1601.51
1286.92 174.83 130.32 199.13 1633.54
1325.53 178.33 127.71 197.14 1617.20
1365.30 176.55 131.54 201.08 1665.72
1392.61 178.32 128.91 191.03 1749.01
1350.83 174.75 131.49 187.21 1696.54
1364.34 178.25 135.43 190.95 1662.61
1350.70 181.81 134.08 185.22 1712.49
1337.19 172.72 127.38 181.52 1626.87
1323.82 176.17 129.93 176.07 1545.53
1310.58 177.93 127.33 181.35 1560.99
1245.05 172.59 131.15 183.16 1576.60